p1.xsm
512
24





p2.xsm
512
26





p3.xsm
512
28





p4.xsm
512
30





p5.xsm
512
32





p6.xsm
512
34





p7.xsm
512
36





p8.xsm
512
38





p9.xsm
512
40





p10.xsm
512
42





p11.xsm
512
44





p12.xsm
512
46





p13.xsm
512
48





p14.xsm
512
50





p15.xsm
512
52





p16.xsm
512
54





p17.xsm
512
56





p18.xsm
512
58





p19.xsm
512
60





p20.xsm
512
62





p21.xsm
512
64





p22.xsm
512
66





a1.dat
1024
68





a2.dat
1024
71





a3.dat
1024
74





a4.dat
1024
77





a5.dat
1024
80





a6.dat
1024
83





a7.dat
1024
86





a8.dat
1024
89





a9.dat
1024
92





a10.dat
1024
95





a11.dat
1024
98





a12.dat
1024
101





a13.dat
1024
104





a14.dat
1024
107





a15.dat
1024
110





a16.dat
1024
113





a17.dat
1024
116





a18.dat
1024
119





a19.dat
1024
122





a20.dat
1024
125





a21.dat
1024
128





a22.dat
1024
131





-1
0
-1





-1
0
-1





-1
0
-1





-1
0
-1





-1
0
-1





-1
0
-1





-1
0
-1





-1
0
-1





-1
0
-1





-1
0
-1





-1
0
-1





-1
0
-1





-1
0
-1





-1
0
-1





-1
0
-1





-1
0
-1





-1
0
-1





-1
0
-1





-1
0
-1





-1
0
-1





